
I	  xw        yw    

1 	  27	   125.7
2  	  27	   242
3         104.4	   242.1
4         104.5    125.2
5         65.8	   183.1

II	  xw        yw    

1        27.1      201
2        27.2	   317.7
3        104.5     317.8
4        104.7     200.9
5        66        259.3

III	  xw        yw    

1        32.4      305.1
2        32.4      421.1
3        109.7     421.2
4        110       304.9
5        71.2      363.3

IV	  xw        yw    

1        34.8      352
2        33.9      468.5
3        111.5     469.2
4        112.5     352.2
5        73.2      410.4

V	  xw        yw    

1        104.9     70.5
2        103.5     187
3        181       188
4        182.4     71.1
5        143.1     129


VI	  xw        yw    

1        114.8     151.1
2        114.7     267.6
3        192.1     267.8
4        192.5     150.9
5        153.6     209.3

VII	  xw        yw    

1        119.8     248
2        120.5     364.6 
3        197.9     364.1
4        197.4     247.3
5        159       306

VIII	  xw        yw    

1        124.3     352.8
2        124.3     469.4
3        201.7     469.5
4        202       352.6
5        163.1     411

  
IX	  xw        yw    

1        122.8     424.9
2        121.9     541.5
3        199.2     542.3
4        200.5     425.5
5        161.2     483.5

X	  xw        yw    

1        200.8     41.3
2        200.1     158
3        277.6     158.5
4        278.5     41.6
5        239.4     99.8

XI	  xw        yw    

1        200.7     124.4
2        200.7     241
3        278.3     241.1
4        278.3     124.2
5        239.7     182.1

XII	  xw        yw    

1        200       253.3
2        201       369.8
3        278.5     369.3
4        277.7     252.4
5        239.4     311.2


XIII	  xw        yw    

1        200.7     371.3
2        200.8     488
3        278.2     487.8
4        278.6     371
5        239.7     429.6

XIV	  xw        yw    

1        200.5     431.7
2        200.1     548.4
3        277.7     548.8
4        278.4     431.9
5        239.3     490.1

XV	  xw        yw    

1        310.5     204.9
2        312.6     321.4
3        390.1     320.3
4        388.2     203.4
5        350.5     262.5

XVI	  xw        yw    

1        317       295.4
2        317.6     411.8
3        395.3     411.5
4        394.8     294.6
5        346.4     353.4

XVII	  xw        yw    

1        316       345.8
2        316.5     462.3
3        394       462
4        393.5     345.2
5        355.1     403.8

XVIII	  xw        yw    

1        320.1     433.8
2        319.1     550.5
3        396.4     551
4        397.8     434.1
5        358.4     492.3

XIX	  xw        yw

1        20.4      437.9
2        20.7      554.5
3        98.3      554.5
4        98        437.6
5        59.5      496.1

XX	  xw        yw 

1        22        28.3
2        21.4      145
3        99        145.8
4        99.6      29
5        60.5      87.1
   
XXI	  xw        yw

1        319.3     30.5
2        319.4     147.3
3        397       147.3
4        397       30.3
5        358.3     88.9
